0,0.002,0.01828736033519553,5.674907623056593,0.034375,5.244697952270508
1,0.002,0.0467877094972067,5.047234370055811,0.0265625,5.079018497467041
2,0.002,0.07768854748603352,4.605468382382526,0.0828125,4.749190807342529
3,0.002,0.10535963687150839,4.316611090185922,0.0921875,4.452293491363525
4,0.002,0.1266585195530726,4.123040185960312,0.115625,4.46803035736084
5,0.002,0.1482629189944134,3.89979138187856,0.1640625,3.7727012634277344
6,0.002,0.17536662011173185,3.744902175232019,0.090625,4.886821269989014
7,0.002,0.19378491620111732,3.6144336695111665,0.1734375,3.8631529331207277
8,0.002,0.20556913407821228,3.5280029094419,0.19375,3.829526948928833
9,0.002,0.22376920391061453,3.3774134766456134,0.2296875,3.33476300239563
10,0.002,0.244544343575419,3.271338420207274,0.221875,3.520964002609253
11,0.002,0.25973289106145253,3.1900367563663248,0.2171875,3.429234743118286
12,0.002,0.2814245810055866,3.046947202202994,0.225,3.365996551513672
13,0.002,0.29674406424581007,2.91824437786081,0.2109375,3.5854846000671388
14,0.002,0.317213687150838,2.829576404401044,0.2734375,3.2029090881347657
15,0.002,0.32624825418994413,2.757370830248188,0.275,3.086918306350708
16,0.002,0.3427461592178771,2.677013362586165,0.2875,3.1111722946166993
17,0.002,0.35496682960893855,2.596025285774103,0.321875,2.9138190269470217
18,0.002,0.3638268156424581,2.5486568259127313,0.3109375,2.8771245002746584
19,0.002,0.3784916201117318,2.498217681266742,0.3171875,2.7386763095855713
20,0.002,0.39865572625698326,2.4062933941793174,0.234375,3.35332989692688
21,0.002,0.40201641061452514,2.375307048499251,0.3046875,2.869435977935791
22,0.002,0.40550803072625696,2.36242572755121,0.3734375,2.4122729301452637
23,0.002,0.4271997206703911,2.2756708467472864,0.3625,2.7087920188903807
24,0.002,0.4247119413407821,2.282351563762686,0.3515625,2.6329382419586183
25,0.002,0.43963861731843573,2.2110418720618306,0.3625,2.6216696739196776
26,0.002,0.45120460893854747,2.1559625004922878,0.3703125,2.6802112102508544
27,0.002,0.4542161312849162,2.164850274277799,0.4203125,2.3765576839447022
28,0.002,0.4680516759776536,2.098314604945689,0.4171875,2.3441264629364014
29,0.002,0.47577688547486036,2.0674125941772035,0.3734375,2.6890760898590087
30,0.002,0.474205656424581,2.049181076401439,0.41875,2.3496452808380126
31,0.002,0.49122730446927376,1.9957486890547769,0.340625,2.821615695953369
32,0.002,0.49458798882681565,1.976108828736417,0.3234375,2.940509080886841
33,0.002,0.49594099162011174,1.986648847936918,0.2671875,3.4384077548980714
34,0.002,0.4993016759776536,1.9438297215786726,0.4375,2.2674580574035645
35,0.002,0.5005673882681564,1.9435604404470774,0.4609375,2.282674217224121
36,0.002,0.5078997905027933,1.9306576505053643,0.4765625,2.121885633468628
37,0.002,0.5137046089385475,1.8888316187778664,0.525,1.8032126903533936
38,0.002,0.5189420391061452,1.8701206865257392,0.509375,1.9151913404464722
39,0.002,0.5252269553072626,1.8464030107306368,0.3546875,2.7795751094818115
40,0.002,0.5314245810055865,1.8359765433732358,0.50625,1.8229564905166626
41,0.002,0.5395862430167597,1.779835212164085,0.5,2.0306394577026365
42,0.002,0.5405464385474861,1.788306894915064,0.5234375,1.858384943008423
43,0.002,0.546263966480447,1.7623725796545018,0.5296875,1.8215850830078124
44,0.002,0.5454347067039106,1.7624977500745038,0.4796875,2.0784526586532595
45,0.002,0.5489263268156425,1.7371309049968613,0.4734375,2.1549873113632203
46,0.002,0.5585282821229051,1.7204812185724354,0.51875,1.8323789358139038
47,0.002,0.5593138966480447,1.7100547045968764,0.5359375,1.8259048223495484
48,0.002,0.5073324022346368,1.9341403046133798,0.515625,1.9795600414276122
49,0.002,0.5251833100558659,1.8498974485770283,0.4203125,2.5392542362213133
50,0.002,0.5335195530726257,1.8112096300338234,0.446875,2.2747650146484375
51,0.002,0.5398917597765364,1.7969696954641927,0.4109375,2.372555661201477
52,0.002,0.5400226955307262,1.7841272753710187,0.5109375,1.9053310871124267
53,0.002,0.5547311452513967,1.7193344824806938,0.484375,2.070272922515869
54,0.002,0.5482280027932961,1.7476685646525973,0.421875,2.382032299041748
55,0.002,0.557786312849162,1.704542923905996,0.5296875,1.837664294242859
56,0.002,0.5658606843575419,1.69249997924826,0.471875,2.160467004776001
57,0.002,0.5503229748603352,1.74767847167713,0.4953125,2.0222352743148804
58,0.002,0.5528980446927374,1.7308214216924913,0.425,2.4511181354522704
59,0.002,0.5588337988826816,1.6802354857908282,0.5171875,1.9519144296646118
60,0.002,0.5727566340782123,1.6433774912157537,0.465625,2.31763277053833
61,0.002,0.5762046089385475,1.6133743011751653,0.4953125,2.052953362464905
62,0.002,0.5550366620111732,1.7239919494650218,0.40625,2.3158130168914797
63,0.002,0.5579172486033519,1.7104743832316478,0.49375,2.128668689727783
64,0.002,0.5718837290502793,1.6568296508416118,0.4375,2.4344711780548094
65,0.002,0.6021298882681564,1.539289152822015,0.54375,1.8177895069122314
66,0.002,0.6325506284916201,1.3981874012414304,0.515625,1.901426076889038
67,0.002,0.5629364525139665,1.6987315442975006,0.5890625,1.7808156728744506
68,0.002,0.6571665502793296,1.3042263561786887,0.509375,2.08576078414917
69,0.002,0.5761609636871509,1.640342135003159,0.534375,1.8930741786956786
70,0.002,0.5827077513966481,1.6083473799614934,0.396875,2.589419794082642
71,0.002,0.575157122905028,1.642896706831522,0.3828125,2.7084851264953613
72,0.002,0.5824022346368715,1.6041870530091185,0.515625,1.9119993448257446
73,0.002,0.5822276536312849,1.6171230257556426,0.575,1.645315909385681
74,0.002,0.5857629189944135,1.5889788726188616,0.5953125,1.6625436067581176
75,0.002,0.6002094972067039,1.533934751036447,0.5234375,1.9606702327728271
76,0.002,0.6026099860335196,1.5224867639594903,0.54375,1.873580002784729
77,0.002,0.60924406424581,1.4821972484029204,0.5546875,1.709616208076477
78,0.002,0.6133030726256983,1.4540598199354204,0.4890625,2.113029956817627
79,0.002,0.6129539106145251,1.4731079190137,0.5765625,1.6798672676086426
80,0.002,0.6185405027932961,1.4561377031177116,0.5828125,1.6060661792755127
81,0.002,0.6284479748603352,1.4100737658292888,0.5546875,1.6363978862762452
82,0.002,0.6232978351955307,1.4347171357224107,0.59375,1.60043203830719
83,0.002,0.6284479748603352,1.4059671433278302,0.6046875,1.5391949653625487
84,0.002,0.6379189944134078,1.3705251936140008,0.6109375,1.5769091606140138
85,0.002,0.6260911312849162,1.4020816700418568,0.540625,1.8217539310455322
86,0.002,0.6336417597765364,1.3850133552231603,0.596875,1.5566908597946167
87,0.002,0.6336417597765364,1.3746109275178537,0.575,1.6544589519500732
88,0.002,0.642850907821229,1.3451285628633127,0.590625,1.6268976211547852
89,0.002,0.6458187849162011,1.326103120875758,0.5859375,1.6133827447891236
90,0.002,0.6426763268156425,1.351049875746892,0.6140625,1.447960877418518
91,0.002,0.6465171089385475,1.3236161303919787,0.625,1.5471413135528564
92,0.002,0.6500960195530726,1.3122302819896676,0.6234375,1.4093403816223145
93,0.002,0.6464734636871509,1.339677359471774,0.6265625,1.51885929107666
94,0.002,0.6499650837988827,1.3207158116654978,0.596875,1.5498036384582519
95,0.002,0.6572101955307262,1.2955861228138374,0.6578125,1.403106188774109
96,0.002,0.6618802374301676,1.2719936141088688,0.5765625,1.7728634119033813
97,0.002,0.6635387569832403,1.2588543688784763,0.54375,1.8346381187438965
98,0.002,0.6609200418994413,1.2782828191805151,0.6125,1.5241445779800415
99,0.002,0.6599162011173184,1.2673657350034022,0.5875,1.588765549659729
100,0.002,0.6782908519553073,1.1975591635570846,0.5890625,1.6285741806030274
101,0.002,0.6744937150837989,1.2207772408783768,0.6234375,1.4670360326766967
102,0.002,0.6861469972067039,1.1696931276907467,0.6359375,1.4875074625015259
103,0.002,0.7002444134078212,1.114491843644467,0.6046875,1.5584434986114502
104,0.002,0.6604835893854749,1.2724464921977934,0.5015625,1.9991100311279297
105,0.002,0.6652409217877095,1.2705428210716674,0.5671875,1.787155032157898
106,0.002,0.6719622905027933,1.2347040486069365,0.64375,1.431185531616211
107,0.002,0.6749301675977654,1.22654866772657,0.5984375,1.5810671329498291
108,0.002,0.6626658519553073,1.274167408823301,0.640625,1.3941123962402344
109,0.002,0.6813896648044693,1.1954201599739118,0.64375,1.335558032989502
110,0.002,0.6847939944134078,1.1816672572876488,0.5859375,1.7058756828308106
111,0.002,0.6766323324022346,1.2022710895405135,0.6625,1.2176287651062012
112,0.002,0.6783344972067039,1.1957998006037494,0.61875,1.5510104656219483
113,0.002,0.6869326117318436,1.1598088118617096,0.621875,1.5314446210861206
114,0.002,0.6847067039106145,1.1710143085964566,0.625,1.4428810358047486
115,0.002,0.6912098463687151,1.1476377788202723,0.6203125,1.5004594802856446
116,0.002,0.6990223463687151,1.1223093970527862,0.625,1.5304528951644898
117,0.002,0.6919954608938548,1.1502809201538895,0.6671875,1.2376585721969604
118,0.002,0.6933048184357542,1.149794019134351,0.6609375,1.3246858835220336
119,0.002,0.6884601955307262,1.1658196475918732,0.6265625,1.455261516571045
120,0.002,0.6838337988826816,1.1826862819367947,0.6609375,1.4401687622070312
121,0.002,0.6920827513966481,1.1533564382425234,0.653125,1.425206756591797
122,0.002,0.698411312849162,1.1168073548950963,0.65,1.3019450187683106
123,0.002,0.7039542597765364,1.0938142235052652,0.6859375,1.3308157682418824
124,0.002,0.7074895251396648,1.087754487991333,0.6765625,1.2668837070465089
125,0.002,0.6929120111731844,1.1448552705056174,0.5984375,1.6393833398818969
126,0.002,0.7024703212290503,1.1234401754160832,0.675,1.2700504779815673
127,0.002,0.6956180167597765,1.1402584943691445,0.65,1.2224332094192505
128,0.002,0.7105883379888268,1.0735752868918733,0.646875,1.3784991979599
129,0.002,0.7207576815642458,1.0335353556292017,0.6765625,1.261544895172119
130,0.002,0.7147346368715084,1.058424831435667,0.653125,1.42085120677948
131,0.002,0.7077950418994413,1.0965074710339808,0.6796875,1.2401835441589355
132,0.002,0.7086679469273743,1.082615685529549,0.6828125,1.1606916904449462
133,0.002,0.7045652932960894,1.1043621141817317,0.61875,1.4480546712875366
134,0.002,0.700026187150838,1.1189448660312418,0.6515625,1.2869211673736571
135,0.002,0.7071840083798883,1.0863386342645358,0.7171875,1.2137565612792969
136,0.002,0.7069657821229051,1.0915877765783384,0.6796875,1.1777292251586915
137,0.002,0.7090607541899442,1.0763062641607317,0.6921875,1.180361270904541
138,0.002,0.7111557262569832,1.0901470737084331,0.690625,1.211289119720459
139,0.002,0.7080569134078212,1.0891081820653137,0.671875,1.3228738069534303
140,0.002,0.6852304469273743,1.1817415523129469,0.6296875,1.4851188659667969
141,0.002,0.7049144553072626,1.1084479563063083,0.640625,1.2898510456085206
142,0.002,0.7223289106145251,1.0328144174714329,0.6515625,1.3503060340881348
143,0.002,0.7040415502793296,1.1069742324631973,0.6828125,1.217772936820984
144,0.002,0.7080132681564246,1.0941093081202586,0.6953125,1.1437650918960571
145,0.002,0.7095844972067039,1.0893270216840605,0.671875,1.2610313892364502
146,0.002,0.718138966480447,1.0549057888585096,0.6859375,1.2486671924591064
147,0.002,0.7359462290502793,0.9734112333985014,0.7078125,1.079263985157013
148,0.002,0.7348550977653632,0.9915131966494981,0.7,1.1871962070465087
149,0.002,0.7345495810055865,0.9782905332203018,0.703125,1.2646968126296998
150,0.002,0.7419692737430168,0.9635335503343764,0.6578125,1.3559716463088989
151,0.002,0.708711592178771,1.0957586009409175,0.6828125,1.2621066093444824
152,0.002,0.7316689944134078,0.9847209283759474,0.6671875,1.3202391624450684
153,0.002,0.7224598463687151,1.02256425932133,0.7078125,1.1073572397232057
154,0.002,0.7221543296089385,1.0367354617438502,0.684375,1.2640737295150757
155,0.002,0.7159567039106145,1.0553374263827362,0.703125,1.1750889539718627
156,0.002,0.7354224860335196,0.9805115737728567,0.6796875,1.1892795324325562
157,0.002,0.72669343575419,1.0008800922159375,0.6671875,1.355195450782776
158,0.002,0.7472503491620112,0.9321082637296708,0.696875,1.2811365127563477
159,0.002,0.7506983240223464,0.9111943774383161,0.7203125,1.0613938093185424
160,0.002,0.7493453212290503,0.919196234069057,0.6921875,1.2033080577850341
161,0.002,0.7386085893854749,0.9686906893826064,0.646875,1.4561405420303344
162,0.002,0.7498254189944135,0.9337682990388497,0.671875,1.304238510131836
163,0.002,0.7433222765363129,0.9469744156858775,0.7234375,1.053561007976532
164,0.002,0.7364263268156425,0.979508592096787,0.69375,1.1771504402160644
165,0.002,0.731887220670391,0.9938608980711612,0.7109375,1.0894311189651489
166,0.002,0.7331529329608939,0.982693462731452,0.696875,1.251052689552307
167,0.002,0.7293121508379888,0.9991241007543809,0.6765625,1.220728302001953
168,0.002,0.7266497905027933,1.0074487185345016,0.6921875,1.1664785385131835
169,0.002,0.7297486033519553,0.9956110885689379,0.6953125,1.152827751636505
170,0.002,0.7350296787709497,0.9810073442299273,0.6671875,1.254345989227295
171,0.002,0.7221543296089385,1.0340023693425695,0.640625,1.4443599939346314
172,0.002,0.7397433659217877,0.9727252681828078,0.7234375,1.0570825338363647
173,0.002,0.7409654329608939,0.9632785190417114,0.7140625,1.1503324031829834
174,0.002,0.727304469273743,1.0076530555773047,0.684375,1.248642385005951
175,0.002,0.7222416201117319,1.0254994634143466,0.703125,1.2115528106689453
176,0.002,0.7322800279329609,0.9827199098784164,0.7296875,1.055938172340393
177,0.002,0.728177374301676,1.0111946093969504,0.715625,1.1655028820037843
178,0.002,0.7279591480446927,1.0101367634767926,0.7328125,1.0877579689025878
179,0.002,0.736862779329609,0.9828007454312714,0.7109375,1.1221665740013123
180,0.002,0.7328037709497207,0.9903441277962157,0.7140625,1.0296526074409484
181,0.002,0.7317562849162011,0.995569035993608,0.715625,1.130315113067627
182,0.002,0.732760125698324,0.9898798432430076,0.6703125,1.3210892915725707
183,0.002,0.7372555865921788,0.9744338596333338,0.690625,1.1479984402656556
184,0.002,0.7311452513966481,0.9950733564419454,0.6921875,1.16354957818985
185,0.002,0.7385212988826816,0.98397864109977,0.65,1.5792823314666748
186,0.002,0.7383030726256983,0.9698418735125878,0.7296875,0.9941773772239685
187,0.002,0.736862779329609,0.9774333678144317,0.709375,1.1638313412666321
188,0.002,0.7355097765363129,0.9804244750704845,0.7140625,1.0687868118286132
189,0.002,0.737342877094972,0.9860222339630127,0.6765625,1.2136582612991333
190,0.002,0.7359025837988827,0.984034603534464,0.7265625,1.094569492340088
191,0.002,0.7596892458100558,0.8811889680404237,0.6890625,1.1413825511932374
192,0.002,0.7595146648044693,0.8848656614066502,0.6953125,1.14547039270401
193,0.002,0.7602129888268156,0.8678560216999587,0.746875,1.023428750038147
194,0.002,0.7467702513966481,0.9200470124543046,0.709375,1.0971848845481873
195,0.002,0.7838250698324022,0.8003504119771819,0.7203125,1.1727434396743774
196,0.002,0.7870984636871509,0.7749597505151227,0.7265625,1.1359554767608642
197,0.002,0.7591218575418994,0.8904259129942462,0.73125,1.140980839729309
198,0.002,0.7407908519553073,0.9504225044277127,0.6,1.5822920560836793
199,0.002,0.7354661312849162,0.9700465089116017,0.7171875,1.1634375214576722
200,0.002,0.7247293994413407,1.0285298900897277,0.684375,1.259310793876648
201,0.002,0.7616096368715084,0.8772863629143998,0.7046875,1.158892035484314
202,0.002,0.7586417597765364,0.8896728297851605,0.703125,1.1613895773887635
203,0.002,0.7630062849162011,0.8691985394035637,0.721875,1.0752013206481934
204,0.002,0.7407472067039106,0.9606013181489274,0.734375,0.9794025778770447
205,0.002,0.7618278631284916,0.8651319342618548,0.734375,0.9952259421348572
206,0.002,0.7531861033519553,0.9159223084343212,0.696875,1.2000542402267456
207,0.002,0.7844361033519553,0.800565444390867,0.68125,1.2103121519088744
208,0.002,0.7791113826815642,0.8026585169344641,0.725,1.1248225688934326
209,0.002,0.735116969273743,0.9838967832773091,0.6421875,1.4579763650894164
210,0.002,0.7562849162011173,0.8905906777142146,0.7359375,1.000333046913147
211,0.002,0.744675279329609,0.9346099459259204,0.675,1.335423731803894
212,0.002,0.7530115223463687,0.913441893441717,0.7484375,1.0050224781036377
213,0.002,0.7403543994413407,0.9552982073256423,0.690625,1.1207618951797484
214,0.002,0.7567650139664804,0.895147242359609,0.7046875,1.2045139789581298
215,0.002,0.7577252094972067,0.8931615212776142,0.7390625,0.9724047899246215
216,0.002,0.7627444134078212,0.8724331419561162,0.7359375,0.9779643654823303
217,0.002,0.7623516061452514,0.8713753509787874,0.665625,1.366436743736267
218,0.002,0.7658432262569832,0.8686435995155206,0.7140625,1.0879982709884644
219,0.002,0.7427548882681564,0.9488140864079225,0.75,0.9255914688110352
220,0.002,0.760780377094972,0.8837157879128802,0.6796875,1.1936777591705323
221,0.002,0.7550628491620112,0.8912848833552952,0.7625,0.8968297719955445
222,0.002,0.7480796089385475,0.9270815166681172,0.7296875,1.1527971386909486
223,0.002,0.7711679469273743,0.835820435645194,0.725,1.0840140581130981
224,0.002,0.7877094972067039,0.7834233358585635,0.7078125,1.1618394374847412
225,0.002,0.7907210195530726,0.7604927751938058,0.7625,1.0486242294311523
226,0.002,0.8098812849162011,0.6924067539209761,0.66875,1.3161002159118653
227,0.002,0.803072625698324,0.7210889864900258,0.69375,1.077710711956024
228,0.002,0.813111033519553,0.6819493341046339,0.69375,1.2389837503433228
229,0.002,0.7768418296089385,0.827002617899932,0.7109375,1.169729220867157
230,0.002,0.8222765363128491,0.6472327287969643,0.74375,1.007972514629364
231,0.002,0.8050803072625698,0.7162442440427216,0.7359375,1.0094562292098999
232,0.002,0.8201379189944135,0.6575278145307936,0.7453125,0.998999047279358
233,0.002,0.8242405726256983,0.6462588926267357,0.7328125,1.0120747804641723
234,0.002,0.7980534217877095,0.7545524867220298,0.6359375,1.4963979244232177
235,0.002,0.8159916201117319,0.666862206419087,0.7015625,1.130140733718872
236,0.002,0.7528369413407822,0.9217443313012575,0.6921875,1.2477895140647888
237,0.002,0.7769291201117319,0.8043489874075245,0.7546875,0.9907519340515136
238,0.002,0.7549755586592178,0.9113307973193057,0.725,1.0908925890922547
239,0.002,0.8088774441340782,0.6981778357948005,0.6421875,1.4699851512908935
240,0.002,0.7929469273743017,0.7620804626182471,0.7234375,1.0174613356590272
241,0.002,0.8134165502793296,0.6753318487931896,0.7578125,1.0047979712486268
242,0.002,0.7757506983240223,0.821126913391678,0.6953125,1.2908554792404174
243,0.002,0.8068261173184358,0.7046746616589956,0.7359375,1.1436801910400392
244,0.002,0.7668907122905028,0.8702940160002788,0.75625,0.8912298798561096
245,0.002,0.7546700418994413,0.9120243471428002,0.7328125,1.0485652923583983
246,0.002,0.7537098463687151,0.9293585406335373,0.7203125,1.0284132838249207
247,0.002,0.7499127094972067,0.9316928423316785,0.7484375,0.9901748180389405
248,0.002,0.7580743715083799,0.8769462924429824,0.7171875,1.1184285640716554
249,0.002,0.7508292597765364,0.9294900667733986,0.6921875,1.2221356153488159
250,0.002,0.7551501396648045,0.9066915159118908,0.703125,1.179085874557495
251,0.002,0.7590782122905028,0.9051743789092123,0.7265625,1.0257898688316345
252,0.002,0.7585108240223464,0.8986053433498191,0.7484375,0.9393213987350464
253,0.002,0.7565904329608939,0.8996078698328753,0.7203125,1.0422611594200135
254,0.002,0.7561539804469274,0.9021851217280553,0.73125,0.9813566565513611
255,0.002,0.7623079608938548,0.8798346895745347,0.7703125,0.9467581987380982
256,0.002,0.7662796787709497,0.8609160850833915,0.7421875,0.8913841843605042
257,0.002,0.7558484636871509,0.9042046805999798,0.7453125,1.0961631417274476
258,0.002,0.7519640363128491,0.9097180533009535,0.7328125,1.0725626587867736
259,0.002,0.7506546787709497,0.926658268747383,0.7765625,0.9008257508277893
260,0.002,0.7496944832402235,0.9323270870320624,0.73125,1.1113124370574952
261,0.002,0.7640974162011173,0.8767928727512253,0.7484375,0.9298872351646423
262,0.002,0.7613914106145251,0.8918455979011578,0.765625,0.8959644913673401
263,0.002,0.762526187150838,0.8618510062468119,0.7203125,1.1193322539329529
264,0.002,0.7520513268156425,0.9211928541433878,0.7734375,0.9162424325942993
265,0.002,0.7671525837988827,0.8587749347340461,0.7578125,0.9340902328491211
266,0.002,0.7616969273743017,0.883202726281555,0.753125,0.9613153100013733
267,0.002,0.7675890363128491,0.857693126747728,0.7546875,0.9615706324577331
268,0.002,0.7561103351955307,0.9031419707410162,0.7140625,1.0693194627761842
269,0.002,0.7597765363128491,0.891764149652513,0.753125,0.8571965813636779
270,0.002,0.7611731843575419,0.8933556076534633,0.75,1.1171695590019226
271,0.002,0.7629626396648045,0.8750511357904146,0.746875,1.0637107729911803
272,0.002,0.7591655027932961,0.8858591244873388,0.715625,1.0354474544525147
273,0.002,0.7602566340782123,0.8830450866475451,0.7125,1.1834476947784425
274,0.002,0.758423533519553,0.8874077710359456,0.75,1.0488704681396483
275,0.002,0.7623952513966481,0.87206542158926,0.759375,0.9774807453155517
276,0.002,0.760169343575419,0.8829227239725976,0.7015625,1.0918538093566894
